3.200000000000000178e+00
2.848647756580261614e+01
5.317415000895358190e+01
7.667404464822837440e+01
9.841669547759339309e+01
1.178615035302642013e+02
1.345056327612957148e+02
1.478922983106240281e+02
1.576183137853051335e+02
1.633407761223533896e+02
1.647827804702343997e+02
1.617380731344304081e+02
1.540745677194417738e+02
1.417366678911832309e+02
1.247463593856591046e+02
1.032030536930890321e+02
7.728218593266439029e+01
4.723258947865656410e+01
1.337268958112460382e+01
-2.391442277270886052e+01
-6.418695749299976683e+01
-1.069513365123596600e+02
-1.516699381988769346e+02
-1.977695504465790464e+02
-2.446503964299447773e+02
-2.916955877946986675e+02
-3.382808531795085401e+02
-3.837843855330299334e+02
-4.275966497792806535e+02
-4.691299930223379420e+02
-5.078279026585669271e+02
-5.431737634298891635e+02
-5.746989725138264475e+02
-6.019902820754823551e+02
-6.246962511370521725e+02
-6.425327029518665540e+02
-6.552871000717748302e+02
-6.628217667113995049e+02
-6.650759065602117062e+02
-6.620663835750792714e+02
-6.538872531900381091e+02
-6.407080514863043845e+02
-6.227708698504142149e+02
-6.003862621903431318e+02
-5.739280505640265346e+02
-5.438271127996630412e+02
-5.105642520673179661e+02
-4.746622631330844797e+02
-4.366773229527484546e+02
-3.971898441335231382e+02
-3.567949384350794162e+02
-3.160926437557137660e+02
-2.756780718550970732e+02
-2.361316353404429549e+02
-1.980095111675364308e+02
-1.618344941024716093e+02
-1.280873873153129807e+02
-9.719906863425987353e+01
-6.954336011724723221e+01
-4.543081567225084427e+01
-2.510352668580662794e+01
-8.731029239130748465e+00
3.592621233740601383e+00
1.185056077594003909e+01
1.610358569799592487e+01
1.648937178528615277e+01
1.322045648596116507e+01
6.581016546690449331e+00
-3.077507054721422719e+00
-1.534186648337771430e+01
-2.974345891680061982e+01
-4.576566909691160845e+01
-6.285198442007553865e+01
-8.041475199036980825e+01
-9.784443673181264955e+01
-1.145192315930587057e+02
-1.298148652127763967e+02
-1.431144492366901204e+02
-1.538182068392790995e+02
-1.613529259145700792e+02
-1.651809848306519370e+02
-1.648088055201359339e+02
-1.597945978931781497e+02
-1.497552709625559828e+02
-1.343723994782100135e+02
-1.133971500658694254e+02
-8.665408760634255714e+01
-5.404380060941014108e+01
-1.554430333906697115e+01
2.878880787060131752e+01
7.882344662409423108e+01
1.343533592268948098e+02
1.951016408274684295e+02
2.607253883628305857e+02
3.308214154400352527e+02
4.049329371990195341e+02
4.825571175948394966e+02
5.631533576607083660e+02
6.461521913905935435e+02
7.309646461032708658e+02
